1000 1834
2000 8155
3000 15813
4000 25056
5000 39625
6000 60831
7000 77762
8000 102008
9000 131982
10000 174200
11000 210922
12000 265444
13000 316513
14000 393825
15000 452127
16000 544638
17000 622786
18000 732232
19000 819404
20000 935337
21000 1045356
22000 1392879
23000 1474026
24000 1423416
25000 1834314
26000 2035253
27000 2188483
28000 2373239
29000 2325319
30000 2447698
31000 2596237
32000 2763507
33000 2988606
34000 3210025
35000 3404710
36000 3612546
37000 3797333
38000 4098850
39000 4297713
40000 4596070
41000 4846936
42000 5079540
43000 5314491
44000 6411631
45000 5993241
46000 6294601
47000 6939818
48000 8016458
49000 7673552
50000 7544579
