1000 1347
2000 4936
3000 9504
4000 19033
5000 23418
6000 38882
7000 52789
8000 63048
9000 74867
10000 92525
11000 113202
12000 135779
13000 154365
14000 187428
15000 212724
16000 236076
17000 262371
18000 299636
19000 340991
20000 366739
21000 405569
22000 453959
23000 486748
24000 525324
25000 578270
26000 615979
27000 663761
28000 717672
29000 773730
30000 820476
31000 873656
32000 936475
33000 990363
34000 1050885
35000 1121032
36000 1176571
37000 1262680
38000 1327420
39000 1382935
40000 1459086
41000 1528521
42000 1622836
43000 1679284
44000 1768267
45000 1853842
46000 1931643
47000 2022106
48000 2095546
49000 2211220
50000 2288544
